data is a dictionary pertaining to
Channels: ['Height(measured)', 'SlopeFit', 'Baseline', 'Adhesion', 'Height']

Height(measured): [[7.47157184e-06 7.55821599e-06 7.57068929e-06 7.57849341e-06]
 [7.66943809e-06 7.64038990e-06 7.61124827e-06 7.57873810e-06]
 [7.66583582e-06 7.66934209e-06 7.66815338e-06 7.66718900e-06]
 [7.75150069e-06 7.72355921e-06 7.69418549e-06 7.66399056e-06]]
SlopeFit: [[0.01863618 0.01602045 0.01619842 0.01556904]
 [0.01593923 0.01614456 0.01516151 0.01685875]
 [0.01612697 0.01613352 0.01577408 0.01586941]
 [0.01559953 0.01556861 0.01631313 0.01698484]]
Baseline: [[-7.34362755e-09 -7.55452324e-09 -7.62258554e-09 -7.67881540e-09]
 [-7.99293076e-09 -7.91385511e-09 -7.84512479e-09 -7.76176771e-09]
 [-7.98868845e-09 -8.00628082e-09 -8.04521180e-09 -8.12572737e-09]
 [-8.43283377e-09 -8.38788685e-09 -8.29729175e-09 -8.19030718e-09]]
Adhesion: [[2.79719933e-10 1.51532120e-10 1.35365868e-10 1.71224851e-10]
 [7.37580012e-11 8.15583328e-11 8.57569607e-11 8.68937338e-11]
 [9.44811156e-11 1.12688671e-10 1.72788049e-10 1.54687672e-10]
 [6.80923619e-11 5.36919781e-11 1.03331263e-10 1.31986575e-10]]
Height: [[6.01132850e-06 6.19760272e-06 6.19986147e-06 6.20389431e-06]
 [6.28762386e-06 6.26246369e-06 6.23683973e-06 6.20660879e-06]
 [6.28382151e-06 6.28216921e-06 6.27747586e-06 6.27356838e-06]
 [6.35109577e-06 6.32684460e-06 6.30054392e-06 6.27292250e-06]]